-1
-1
-1
-1
-1
-1
-1
-1
-1
-1
-1
-1
-1
-1
-1
-1
-1
-1
-1
-1
-1
-1
-1
-1
-1
-1
-1
-1
-1
-1
-1
-1
-1
-1
-1
-1
-1
-1
-1
-1
-1
-1
-1
-1
-1
-1
-1
-1
-1
-1
-1
-1
-1
-1
-1
-1
-1
-1
-1
-1
-1
-1
-1
-1
-1
-1
-1
-1
-1
-1
-1
-1
-1
-1
-1
-1
-1
-1
-1
-1
-1
-1
-1
-1
-1
-1
-1
-1
-1
-1
-1
-1
-1
-1
-1
-1
-1
-1
-1
-1
-1
-1
-1
-1
-1
-1
-1
-1
-1
-1
-1
-1
-1
-1
-1
-1
-1
-1
-1
-1
-1
-1
7
301452103
-1
301254103
3674301452103
52147854125
52145874125
-1
-1
1036785430125
-1
367854125
-1
125
76347854125
7854125
5874125
-1
-1
36785214
125436785214
-1
-1
521436785214
36785214301452103
78521436785214
5874521436785214
-1
-1
-1
-1
-1
-1
-1
-1
-1
-1
-1
-1
5214
103458763014
1254367854125
-1
-1
10367430145214
12547854125
125874125
-1
-1
7634785214
1036743014
103674103452103
-1
52147634785214
-1
7852147634785214
5876345214785214
-1
-1
785214
1254785214
785214301452103
-1
5214785214
785410367430145214
-1
785412547854125
-1
-1
58745214
1258745214
36785214785214
-1
521458745214
7634785214785214
785214785214
-1
-1
-1
-1
-1
-1
-1
-1
-1
-1
-1
-1
-1
-1
1034521034125
301436785214
-1
12587634103
3674301436785214
76301436785214
125876341254103
-1
-1
-1
-1
-1
-1
-1
-1
-1
-1
-1
3014367854125
-1
-1
36785430125
-1
30125
7634785430125
785430125
587430125
-1
103452103
-1
3014
-1
-1
10341254103
36785430145214
301452147854125
301452145874125
-1
-1
-1
-1
-1
-1
-1
-1
-1
-1
-1
301254367854125
-1
58763014
30145214
-1
-1
367430145214
7630145214
30125874125
-1
3674103452103
-1
36743014
30147634785214
-1
58763014785214
-1
763014785214
7854763014785214
-1
7634103452103
-1
763014
3014785214
-1
30145214785214
7854367430145214
-1
78547630145214
-1
1258763410345214
-1
7854763014
587430145214
-1
587630145214
3674587430145214
76301458745214
-1
-1
-1
-1
-1
-1
-1
-1
-1
-1
-1
-1
-1
5214587634103
-1
1254301436785214
-1
3012543014
103674125430145214
78543012543014
58743012543014
-1
10367854125430125
-1
-1
125430145214
-1
1258763014
3674125430145214
12547630145214
58741258763014
-1
-1
-1
-1
-1
-1
-1
-1
-1
-1
-1
1254103452103
367854125430125
-1
-1
-1
12543014
36785430125430125
785412543014
587412543014
-1
-1
-1
-1
-1
-1
-1
-1
-1
-1
-1
1034125430125
125430125
-1
30125430125
-1
-1
367430125430125
7630125430125
12587430125
-1
5210367452143014
1258763014785214
-1
36785412543014
-1
367412543014
-1
1254763014785214
3674587412543014
-1
7630125430145214
7854125430125
-1
12543014785214
-1
1254763014
7634785412543014
-1
7634587412543014
-1
3012587430145214
5874125430125
-1
12587430145214
-1
12587458763014
367412587430145214
78541254763014
-1
-1
-1
-1
-1
-1
-1
-1
-1
-1
-1
-1
-1
52103
103
-1
-1
1254103
103674301452103
78521452103
58741254103
-1
1036785214
-1
521034125
-1
-1
5210367854125
52103674367854125
5210347854125
5210345874125
-1
5210345214
10367854125
-1
-1
-1
1034125
103674367854125
10347854125
58741034125
-1
-1
-1
-1
-1
-1
-1
-1
-1
-1
-1
-1
-1
-1
-1
-1
-1
-1
-1
-1
-1
10345214
12541034125
301458763014
-1
-1
-1
3014367430145214
30147630145214
1258741034125
-1
10367436785214
367852143014
301436743014
-1
-1
5214367852143014
-1
3014763014785214
10345876345214785214
-1
1034785214
52143014763014
3014763014
-1
-1
10345214785214
30147854367430145214
-1
301478547630145214
-1
587410345214
36785214763014
10341258745214
-1
-1
3014587630145214
367852143014785214
1034785214785214
-1
-1
-1
-1
-1
-1
-1
-1
-1
-1
-1
-1
-1
-1
-1
-1
-1
-1
-1
-1
-1
-1
-1
-1
-1
-1
-1
-1
-1
-1
-1
-1
-1
-1
-1
-1
-1
-1
-1
-1
-1
-1
-1
-1
-1
-1
-1
-1
-1
-1
-1
-1
-1
-1
-1
-1
-1
-1
-1
-1
-1
-1
-1
-1
-1
-1
-1
-1
-1
-1
-1
-1
-1
-1
-1
-1
-1
-1
-1
-1
-1
-1
-1
-1
-1
-1
-1
-1
-1
-1
-1
-1
-1
-1
-1
-1
-1
-1
-1
-1
-1
-1
-1
-1
-1
-1
-1
-1
-1
-1
-1
-1
-1
58763452103
587634103
301452143014
-1
-1
3674301452143014
76301452143014
5876341254103
-1
103452143014
-1
521430125
125430125430125
-1
-1
52147634785430125
5214785430125
5214587430125
-1
5876345210345214
521458763014
-1
521430145214
-1
-1
3674521430145214
52147630145214
5876301430125
-1
52103452103
52143014
3014521430125
-1
-1
-1
521436785430145214
1254785412543014
12587412543014
-1
-1
-1
-1
-1
-1
-1
-1
-1
-1
-1
-1
-1
-1
-1
-1
-1
-1
-1
-1
-1
10367452143014
367452143014
58763014763014
3014367452143014
-1
-1
-1
5214763014785214
367412587412543014
-1
10345214763014
5214763014
763014521430125
52143014785214
-1
-1
7630145214785430125
-1
521478547630145214
-1
58763410345214
52147854763014
125874125430125
5214587430145214
-1
-1
587630147630145214
12587412587430125
-1
-1
-1
-1
-1
-1
-1
-1
-1
-1
-1
-1
-1
367452103
3674103
3678521452103
-1
36741254103
-1
785214367452103
367458741254103
-1
36741036785214
-1
30143674103
3014367452103
-1
3012543674103
-1
763014763452103
36785210347854125
-1
36745210345214
367410367854125
-1
3678541034125
-1
36741034125
-1
785436741034125
367458741034125
-1
10367452103
52103674103
103674103
-1
-1
1036741254103
-1
78541036741254103
10367458741254103
-1
-1
-1
-1
-1
-1
-1
-1
-1
-1
-1
367410345214
367412541034125
3674301458763014
10367410345214
-1
-1
-1
7630125476301430125
36741258741034125
-1
-1
-1
-1
-1
-1
-1
-1
-1
-1
-1
7854367410345214
76347852143014
763410347634103
785410367410345214
-1
521476347852143014
-1
-1
763014785214785430125
-1
3674587410345214
7634785214763014
3678543014763014
103674587410345214
-1
36743014587630145214
-1
763014785214763014
-1
-1
-1
-1
-1
-1
-1
-1
-1
-1
-1
-1
-1
763452103
7634103
30147852143014
-1
76341254103
763478521452103
-1
763458741254103
-1
76341036785214
-1
78521430125
3014763452103
-1
3012547634103
76345210347854125
-1
785214785430125
-1
76345210345214
78521458763014
-1
78521430145214
-1
76301430125
763014785430125
-1
763014587430125
-1
7852103452103
7852143014
10347634103
-1
-1
52147852143014
763014763014785214
-1
3014785214785430125
-1
-1
-1
-1
-1
-1
-1
-1
-1
-1
-1
763410345214
521478521430125
76301458763014
1034763410345214
-1
-1
7630147630145214
-1
76341258741034125
-1
76341034785214
78521436743014
763014763014
10367410367452103
-1
1254763014763014
-1
-1
785214763014785214
-1
-1
-1
-1
-1
-1
-1
-1
-1
-1
-1
7634587410345214
785214763014
7630147854763014
7852143014785214
-1
5214785214763014
76301476301458745214
-1
-1
-1
-1
-1
-1
-1
-1
-1
-1
-1
-1
-1
-1
7854763452103
78547634103
5874301452143014
-1
125874587634103
7634785214763452103
785214763452103
-1
-1
5874103452143014
-1
5874521430125
30147854763452103
-1
58745214785430125
5876345214785430125
58745214587430125
-1
-1
785476345210345214
5874521458763014
-1
5874521430145214
-1
125874521430125
7854763014785430125
785476301430125
-1
-1
587452103452103
587452143014
12587452143014
-1
-1
5214587452143014
367852143014763452103
7852147852143014
-1
-1
-1
-1
-1
-1
-1
-1
-1
-1
-1
-1
58763452103452103
58763452143014
58763014521430125
125874521430145214
-1
-1
587630145214785430125
785214785214763014
-1
-1
785476341034785214
3674587452143014
7854763014763014
367852147852143014
-1
587630145214763014
-1
78521478521436743014
-1
-1
7854763410345214
7634587452143014
763412587452143014
7852143014763452103
-1
52147634587452143014
78547630147630145214
-1
-1
-1
-1
-1
-1
-1
-1
-1
-1
-1
-1
